Comparing normal.json to opt.json
Benchmark                   Time             CPU      Time Old      Time New       CPU Old       CPU New
--------------------------------------------------------------------------------------------------------
BM_Sierpinski/2          -0.0184         -0.0147            66            65            66            65
BM_Sierpinski/4          -0.1192         -0.1172            81            72            81            72
BM_Sierpinski/8          -0.5202         -0.5224          1471           706          1471           702
BM_Sierpinski/10         -0.5398         -0.5406         12882          5929         12882          5918
BM_Sierpinski/12         -0.5456         -0.5456        114610         52078        114610         52078
BM_Sierpinski/14         -0.5457         -0.5457       1019356        463085       1019354        463084
BM_Menge/1               -0.3813         -0.3813           746           462           746           462
BM_Menge/2               -0.8159         -0.8159          6749          1243          6749          1243
BM_Menge/3               -0.8648         -0.8648        127405         17222        127405         17222
BM_Dragon/2              -0.0035         -0.0034            47            46            47            46
BM_Dragon/8              -0.5883         -0.5886           141            58           141            58
BM_Dragon/14             -0.8710         -0.8710          6180           797          6180           797
